100
5000014950011175
5000015050011325
5000015150011476
5000015250011628
5000015350011781
5000015450011935
5000015550012090
5000015650012246
5000015750012403
5000015850012561
5000015950012720
5000016050012880
5000016150013041
5000016250013203
5000016350013366
5000016450013530
5000016550013695
5000016650013861
5000016750014028
5000016850014196
5000016950014365
5000017050014535
5000017150014706
5000017250014878
5000017350015051
5000017450015225
5000017550015400
5000017650015576
5000017750015753
5000017850015931
5000017950016110
5000018050016290
5000018150016471
5000018250016653
5000018350016836
5000018450017020
5000018550017205
5000018650017391
5000018750017578
5000018850017766
5000018950017955
5000019050018145
5000019150018336
5000019250018528
5000019350018721
5000019450018915
5000019550019110
5000019650019306
5000019750019503
5000019850019701
5000019950019900
5000000100000000
5000000200000001
5000000300000004
5000000400000007
5000000500000012
5000000600000017
5000000700000024
5000000800000031
5000000900000040
5000001000000049
5000001100000060
5000001200000071
5000001300000084
5000001400000097
5000001500000112
5000001600000127
5000001700000144
5000001800000161
5000001900000180
5000002000000199
5000002100000220
5000002200000241
5000002300000264
5000002400000287
5000002500000312
5000002600000337
5000002700000364
5000002800000391
5000002900000420
5000003000000449
5000003100000480
5000003200000511
5000003300000544
5000003400000577
5000003500000612
5000003600000647
5000003700000684
5000003800000721
5000003900000760
5000004000000799
5000004100000840
5000004200000881
5000004300000924
5000004400000967
5000004500001012
5000004600001057
5000004700001104
5000004800001151
5000004900001200