100
248004555
170254369
109054817
992170945
752887969
930971393
869771841
691688417
808572289
335521569
452405440
519879446
341796022
501000
502001
503004
504007
505012
506017
507024
508031
509040
510049
511060
512071
513084
514097
515112
516127
517144
518161
519180
520199
521220
522241
523264
524287
525312
526337
527364
528391
529420
530449
531480
532511
533544
534577
535612
536647
537684
538721
539760
540799
541840
542881
543924
544967
546012
547057
548104
549151
550200
551249
552300
553351
554404
555457
556512
557567
558624
559681
560740
561799
562860
563921
564984
566047
567112
568177
569244
570311
571380
572449
573520
574591
575664
576737
577812
578887
579964
581041
582120
583199
584280
585361
586444
587527
588612
589697
590784