5000
42
98
61
54
88
28
32
78
24
96
23
18
63
35
89
8
8
8
8
8
8
1
93
21
58
30
79
94
25
94
49
16
2
51
40
53
36
66
51
9
24
96
81
65
62
73
48
91
79
82
92
37
82
33
77
27
93
15
97
69
40
65
71
16
35
55
93
78
26
77
62
2
30
22
23
19
99
92
99
90
18
78
44
72
87
70
33
24
9
38
50
95
47
44
7
26
95
14
88
32
23
33
61
60
16
84
12
68
57
11
64
76
66
56
26
66
36
89
95
98
45
58
19
85
61
83
20
13
18
55
30
80
9
90
85
94
64
49
72
74
32
45
62
46
95
59
15
67
11
49
73
42
9
11
27
19
87
83
31
33
55
47
60
49
16
96
30
84
47
7
18
21
12
6
67
21
41
16
52
79
28
18
82
75
1
54
59
13
20
1
8
35
54
10
67
95
14
47
55
56
95
97
6
48
1
1
60
35
80
32
25
95
7
96
87
20
24
19
12
70
41
40
12
41
12
30
10
81
93
91
22
47
97
8
24
69
24
69
47
1
37
21
17
26
49
84
87
79
22
57
72
23
77
43
39
74
76
27
40
74
84
3
67
8
53
31
48
69
76
92
75
52
71
84
42
62
8
86
94
70
33
41
22
52
78
84
11
80
65
11
84
27
90
31
72
12
42
70
65
85
24
54
2
23
41
77
89
99
84
38
7
85
53
91
26
32
79
34
13
75
73
56
45
32
35
36
23
39
90
45
40
21
3
56
12
84
96
87
57
12
20
49
24
53
2
85
51
66
5
64
41
21
72
86
70
14
38
20
51
82
20
20
24
3
19
50
98
8
11
90
74
88
57
99
13
35
71
29
42
93
39
32
42
12
15
18
33
12
83
54
66
12
94
27
97
20
89
48
47
44
10
23
9
41
52
42
47
79
94
72
87
65
39
47
60
34
14
1
31
75
39
23
12
3
66
15
20
44
68
23
51
10
22
66
87
90
53
29
4
53
95
39
93
93
39
51
79
43
60
27
60
1
80
83
88
15
49
41
49
12
13
72
65
91
15
97
92
15
31
72
66
98
92
2
18
92
82
74
32
73
17
68
35
90
71
85
79
96
7
47
63
40
97
99
89
68
31
63
88
36
8
61
86
21
84
97
97
51
15
3
67
13
75
64
99
34
72
4
51
10
55
59
57
98
23
28
15
78
33
64
41
58
39
97
37
75
26
88
69
57
81
66
75
60
12
25
31
19
77
70
67
68
50
92
89
7
42
25
22
41
92
97
49
9
14
48
30
88
96
4
13
17
19
24
87
14
91
53
15
72
47
60
78
48
55
72
37
20
16
62
5
76
82
45
76
35
12
87
12
99
98
91
42
20
3
72
49
23
37
39
77
76
30
30
58
86
55
72
16
16
51
72
67
41
53
25
15
25
77
36
83
76
57
37
98
52
24
56
59
62
91
71
42
10
96
91
43
34
40
77
20
75
82
52
58
16
32
6
30
20
37
79
30
74
50
92
32
64
58
28
90
85
1
34
7
76
45
83
84
39
77
75
1
80
29
25
50
80
90
15
72
2
73
91
85
59
35
18
36
70
52
60
25
44
95
86
31
26
22
98
78
60
92
90
2
76
19
56
16
51
7
68
76
85
9
14
58
39
46
89
86
26
99
46
98
57
45
84
84
1
48
97
28
63
29
36
29
86
97
57
18
98
30
99
96
60
17
16
83
97
55
8
16
86
33
68
1
4
23
29
78
75
55
43
58
35
22
80
24
39
46
39
45
60
3
92
31
12
53
4
89
3
31
43
10
35
90
8
92
73
4
38
72
73
48
31
87
30
81
6
10
11
73
51
67
10
4
76
37
15
79
56
87
63
61
74
52
85
75
10
8
64
38
4
74
86
85
44
20
95
88
81
26
85
37
8
23
63
99
11
55
3
42
20
33
89
69
68
15
5
53
50
83
60
88
57
33
18
70
42
38
74
76
86
59
81
54
76
94
2
70
16
1
92
38
74
57
6
99
70
15
64
44
41
70
60
35
35
49
64
4
69
86
9
30
75
40
90
65
76
90
96
2
44
36
21
65
38
35
66
11
4
27
53
78
58
95
98
35
51
88
15
54
20
65
31
15
72
81
49
79
65
44
21
81
47
86
70
47
75
60
21
78
96
30
41
44
28
10
20
27
49
73
12
42
18
58
99
98
81
77
66
9
85
20
62
28
22
60
28
20
95
38
45
42
13
86
68
10
15
36
66
41
56
36
71
23
20
20
1
45
42
51
85
35
85
24
46
12
12
69
63
9
65
6
85
23
74
68
63
46
83
33
29
3
91
60
98
29
98
42
10
11
80
70
66
16
7
32
65
3
53
43
55
76
37
77
79
8
41
53
19
2
96
75
48
96
47
30
3
53
35
12
79
66
8
2
59
47
80
50
16
2
93
97
42
63
17
91
55
82
70
37
47
31
85
21
98
22
24
85
89
1
76
67
10
69
51
86
31
99
86
80
29
40
78
2
46
53
82
87
62
60
29
24
6
85
64
58
12
88
52
46
91
16
15
20
84
45
42
4
12
26
86
45
22
81
76
1
4
40
40
38
98
71
14
74
4
45
48
60
99
59
9
34
45
3
80
22
45
59
27
82
8
57
23
88
87
81
70
38
38
73
82
94
24
61
17
7
94
71
9
24
9
45
86
35
39
38
10
2
90
31
29
29
89
86
87
44
82
93
2
82
54
63
77
27
85
60
89
28
84
56
31
95
41
57
49
47
38
56
88
93
46
69
81
47
20
6
10
57
42
34
28
19
84
81
39
60
37
3
88
98
90
66
52
80
81
29
36
29
59
3
55
90
11
59
9
71
48
77
37
73
82
24
86
41
17
14
83
13
85
95
65
99
70
94
50
40
86
45
29
1
53
29
66
50
72
59
69
60
68
24
87
35
80
24
20
45
61
8
83
11
96
87
96
65
20
44
86
67
93
65
82
24
51
64
61
57
46
25
16
72
33
28
65
53
85
98
18
42
70
45
6
51
7
77
33
48
36
44
55
73
16
40
81
21
95
59
67
27
68
95
85
24
91
8
16
67
20
67
94
80
47
41
39
77
35
22
86
76
2
53
50
42
84
72
18
41
95
11
68
82
70
90
43
68
44
33
83
79
65
50
46
40
74
44
1
69
58
73
3
99
44
10
97
80
60
41
31
26
15
64
41
65
56
79
17
2
45
11
3
44
2
36
22
8
38
58
28
28
49
73
37
76
84
81
4
31
8
84
14
66
96
86
50
74
3
79
21
54
63
31
20
36
21
72
75
55
15
64
15
29
56
64
93
38
19
7
84
33
18
96
3
17
30
99
30
44
90
49
1
88
1
55
61
72
62
66
85
62
91
12
4
80
29
93
2
21
46
11
62
3
5
76
15
62
91
72
46
21
45
82
91
13
67
22
81
3
73
48
60
69
35
76
68
70
26
58
39
86
73
52
58
65
89
9
78
87
82
85
73
90
23
62
47
76
92
57
82
58
21
16
26
96
50
81
83
9
94
34
98
44
94
87
84
91
30
49
16
31
84
49
27
98
93
93
20
24
65
35
58
97
66
20
99
53
12
93
91
51
18
45
57
18
55
64
21
96
4
48
14
1
22
66
89
37
90
84
51
93
32
70
79
24
36
45
56
34
35
1
63
59
32
29
94
65
34
77
19
5
61
96
79
21
46
64
94
18
32
54
15
29
73
7
41
8
67
43
92
68
60
65
48
30
33
62
76
83
21
22
33
3
35
58
92
34
92
82
72
17
58
40
95
97
84
94
92
12
73
10
54
17
88
64
82
49
97
66
41
2
14
12
16
39
33
58
37
56
49
54
43
64
77
12
62
15
60
66
81
58
69
77
86
99
44
38
81
7
56
65
62
93
75
69
35
41
18
25
43
95
93
50
68
87
6
63
46
27
45
81
15
70
69
20
50
69
88
9
4
69
14
81
84
31
51
91
2
89
13
41
15
39
70
16
27
65
94
77
21
14
55
22
55
44
70
69
55
4
64
50
99
2
72
64
91
44
27
31
95
68
62
10
87
45
65
39
25
25
32
32
69
10
83
64
52
24
49
82
74
55
97
38
13
82
89
9
27
6
76
85
79
9
87
33
24
8
93
58
57
16
26
51
80
48
81
64
2
23
91
32
18
6
41
23
32
68
79
29
95
85
99
73
30
45
36
21
23
96
87
68
2
59
94
75
67
75
10
99
78
87
16
73
76
58
79
52
67
46
93
56
3
91
71
86
17
23
75
62
67
4
72
42
35
62
45
30
28
9
53
98
91
58
96
47
1
28
78
79
8
8
21
14
17
82
86
95
73
53
38
43
34
62
7
48
62
78
17
62
61
1
41
55
32
42
30
50
34
20
98
79
22
55
24
4
27
95
2
18
64
37
49
32
98
39
28
8
10
71
86
48
11
57
53
99
22
27
19
29
92
15
12
34
7
95
71
83
72
12
92
35
57
44
32
23
91
5
41
49
28
37
49
63
2
21
20
73
70
30
4
5
58
28
66
86
17
56
95
36
79
61
60
81
56
48
21
10
68
43
32
67
35
20
73
36
59
29
87
66
33
2
82
24
40
38
14
78
85
18
58
87
92
55
80
52
69
1
20
83
78
83
72
40
22
46
91
82
12
58
8
54
16
32
3
9
72
19
86
40
53
90
97
63
21
41
9
91
7
77
72
38
83
37
36
89
9
94
96
17
89
76
88
54
34
92
94
87
69
24
58
18
48
58
7
96
33
81
74
35
39
27
61
61
19
66
22
45
81
26
46
99
17
88
17
2
21
42
49
24
77
17
73
35
91
28
65
84
18
74
14
12
57
89
23
65
31
11
77
89
16
10
93
2
53
46
14
68
9
66
28
42
51
68
59
41
42
65
18
16
76
26
89
43
31
23
68
42
52
56
51
62
22
50
78
30
95
51
62
49
54
78
39
26
76
71
90
89
36
50
59
46
9
31
61
48
94
20
97
66
18
53
80
88
67
1
53
12
32
67
97
75
98
12
62
17
80
35
95
22
80
20
31
7
59
4
23
17
70
54
56
14
44
55
91
96
40
51
85
6
11
75
8
81
17
6
9
57
70
29
2
38
85
68
53
88
95
47
74
9
90
30
58
61
82
92
64
76
9
64
91
24
2
53
61
11
27
96
66
26
22
51
41
59
81
60
5
36
70
48
30
11
34
71
54
17
85
37
37
71
66
31
8
40
6
59
83
9
14
36
18
31
49
23
31
97
31
67
72
54
57
97
90
56
75
76
52
63
97
29
7
90
39
39
77
68
19
47
92
28
90
85
33
32
9
1
12
20
50
21
43
80
64
21
27
86
69
33
2
71
56
64
19
17
99
28
90
67
4
70
1
88
97
42
8
44
79
41
84
74
91
66
48
53
85
46
24
78
41
35
30
87
63
8
20
95
1
10
65
44
50
94
35
7
64
54
85
64
99
56
6
14
4
43
85
79
30
1
10
56
23
2
95
38
29
86
37
56
15
4
48
44
65
54
40
31
83
69
4
64
70
49
13
65
86
64
45
22
41
14
1
35
78
79
18
61
35
75
11
97
93
61
26
90
32
88
87
46
32
61
57
79
18
53
24
78
65
40
70
15
86
25
31
72
61
64
30
20
57
40
13
25
26
59
59
35
48
88
48
61
97
86
36
15
39
10
92
36
89
22
69
21
7
28
53
34
11
69
77
27
79
22
89
87
48
28
82
55
71
2
73
8
28
42
16
73
29
51
81
46
46
96
71
48
51
41
3
14
29
5
49
91
98
89
28
41
95
31
28
26
46
49
33
99
24
52
96
63
7
25
33
70
9
17
73
40
53
30
61
25
91
60
41
66
61
57
47
3
20
50
37
89
92
30
90
57
4
59
24
30
67
60
5
32
47
26
68
59
70
21
60
70
74
65
87
23
77
24
57
29
54
31
10
27
57
20
44
70
52
88
21
88
17
45
73
11
46
2
84
79
96
65
75
25
54
85
35
48
99
67
18
84
81
96
89
43
60
28
99
82
81
26
80
46
47
12
11
58
76
56
16
11
87
15
17
27
97
6
33
11
30
17
38
10
49
77
86
73
92
13
30
38
61
47
26
22
64
31
5
86
40
60
91
45
50
60
6
19
70
11
15
89
31
50
44
53
34
96
64
86
76
82
48
61
81
23
41
17
14
8
45
62
69
52
31
58
70
65
28
89
32
74
21
3
33
85
40
24
1
26
51
86
36
91
30
36
14
48
98
20
72
67
85
46
32
9
38
97
82
57
77
89
29
85
31
16
6
95
85
35
30
54
98
83
8
8
65
35
3
11
28
49
95
65
89
31
78
85
54
77
28
66
61
26
80
40
61
39
39
46
94
34
63
56
8
57
30
31
43
17
95
56
23
37
28
81
88
23
95
5
50
12
53
98
46
53
80
98
2
36
88
58
4
54
92
19
90
77
36
78
89
58
71
54
27
56
93
8
53
55
74
56
86
92
68
38
55
8
63
61
87
97
25
97
25
72
59
54
86
28
88
13
5
50
61
22
46
34
62
17
66
78
2
82
73
25
4
22
26
50
38
24
32
84
4
11
28
15
66
33
25
87
59
56
63
63
47
47
96
66
65
83
67
84
96
57
96
35
98
58
65
48
53
5
34
77
83
45
50
46
29
39
75
10
9
22
85
84
13
12
6
43
23
30
64
33
1
78
34
33
67
83
33
38
50
40
10
76
33
17
9
60
78
47
72
34
49
45
42
53
25
71
20
48
38
9
25
67
57
29
68
72
83
97
66
77
4
88
75
57
34
48
86
61
64
3
95
99
87
47
23
33
49
19
1
45
17
22
2
5
57
74
69
84
78
28
51
62
62
42
57
25
38
10
17
46
50
81
1
54
37
72
87
10
79
89
96
36
56
73
5
14
64
45
70
7
42
30
63
22
37
36
58
83
67
70
78
14
19
83
56
58
61
35
66
3
61
36
53
49
31
35
3
8
16
89
62
54
23
51
49
12
55
40
62
93
78
61
36
38
67
13
82
31
59
21
49
6
10
61
54
81
13
36
47
64
49
53
93
65
44
70
11
47
26
91
64
79
95
74
55
79
46
13
86
54
63
14
58
10
74
26
90
37
86
58
49
3
30
12
51
64
21
97
3
7
48
93
22
42
83
73
66
21
46
17
72
82
6
41
75
27
63
28
57
94
43
5
9
24
4
22
21
18
64
45
4
59
49
92
57
59
45
70
15
47
84
10
65
51
10
52
18
77
4
50
36
18
33
37
34
17
40
95
89
4
89
61
71
1
44
11
47
90
82
39
91
8
63
28
7
62
53
73
29
80
30
20
88
5
70
21
12
66
8
19
14
36
88
97
61
46
48
51
9
22
43
95
79
39
80
43
30
70
81
41
16
25
6
92
33
22
75
28
99
73
45
92
34
3
49
68
63
18
7
92
32
21
79
53
38
89
67
98
68
93
70
35
81
71
34
56
45
31
15
6
20
23
95
56
38
8
80
7
19
85
47
16
92
94
19
94
43
45
1
3
87
16
44
58
99
10
60
2
49
95
4
40
96
41
53
40
59
88
61
83
36
28
51
81
15
3
54
59
43
94
73
82
27
43
67
88
45
41
91
61
25
92
61
33
94
68
70
41
83
78
86
35
52
86
66
64
37
23
2
76
36
74
95
44
24
69
83
27
15
84
88
5
18
62
24
56
39
44
35
37
71
79
10
9
94
80
42
73
90
50
12
69
45
4
26
58
15
91
76
48
15
69
18
14
6
92
73
69
88
25
49
92
36
89
43
18
38
29
1
4
33
12
49
65
39
82
52
69
87
33
56
99
84
62
4
46
40
10
57
50
61
64
20
19
97
37
75
45
64
60
31
12
94
86
26
51
8
30
19
52
93
47
77
54
79
11
10
21
31
82
64
42
86
96
85
98
13
5
98
17
18
95
1
34
37
73
45
84
2
67
60
64
44
32
95
13
71
75
20
45
21
78
5
54
4
58
28
89
19
95
47
45
29
77
8
44
74
36
1
83
51
47
52
75
52
11
20
30
31
61
98
64
6
85
22
67
63
82
99
47
87
76
8
47
88
66
56
90
44
73
80
14
14
54
52
80
81
88
97
66
22
38
92
47
32
8
13
58
50
90
51
75
47
15
83
33
34
41
56
14
47
90
22
69
82
20
12
78
82
7
32
43
9
1
73
12
14
37
49
84
14
27
99
97
86
57
89
5
41
63
61
79
67
29
37
94
72
41
76
21
27
59
77
83
55
1
95
21
84
10
48
60
24
93
80
94
32
60
42
97
30
75
35
8
37
35
92
23
2
88
24
94
23
88
26
1
12
91
54
23
45
68
32
3
88
11
19
56
10
95
92
90
10
61
30
14
13
5
71
28
86
89
83
3
15
15
26
53
22
32
84
50
27
63
53
38
8
23
99
44
62
36
78
86
68
99
34
30
95
70
52
43
54
99
33
83
54
3
50
68
52
7
60
45
31
86
74
41
83
18
41
13
28
83
36
41
16
47
15
60
17
70
45
44
78
9
14
74
76
27
80
36
7
53
7
97
10
53
68
4
22
86
17
17
40
74
86
41
25
96
45
96
18
5
44
38
77
19
75
66
18
22
77
71
13
16
22
26
12
50
26
24
86
16
20
38
77
45
34
89
37
53
50
54
89
6
49
10
51
91
83
42
49
93
82
88
56
32
98
74
41
99
14
73
67
69
13
55
26
20
91
94
8
19
88
59
68
41
84
91
21
86
16
82
15
61
4
22
54
79
18
43
7
90
22
5
42
66
20
26
70
78
32
25
21
39
59
10
55
12
23
50
81
84
12
92
23
33
3
64
5
10
86
83
51
83
42
30
52
18
95
19
39
20
59
11
34
18
97
25
8
56
58
81
50
58
10
44
75
83
67
92
26
58
38
76
61
37
19
34
53
58
1
78
70
93
93
98
95
61
83
6
75
58
86
36
59
39
81
60
86
81
21
8
2
57
75
37
59
60
34
27
33
61
32
16
39
60
62
46
81
6
10
84
88
46
95
40
97
89
41
51
46
21
86
88
79
44
34
1
39
71
71
75
17
14
38
34
70
74
72
60
33
61
6
42
58
78
7
51
23
38
87
56
25
33
33
43
49
78
8
52
61
58
14
55
91
88
30
39
98
54
80
43
62
90
47
37
25
4
56
95
42
71
12
4
33
39
19
58
29
82
45
26
80
77
23
29
34
77
25
99
98
58
46
4
95
50
87
52
33
86
21
82
72
17
10
48
15
82
35
17
52
75
63
73
82
96
76
43
37
58
28
45
15
53
64
29
95
56
48
8
58
65
78
62
69
1
50
96
71
60
75
29
74
32
30
9
54
31
9
80
11
23
94
97
89
57
55
92
96
7
60
32
61
64
15
11
34
9
3
76
82
74
22
91
66
97
74
89
27
87
45
37
21
82
40
22
39
34
7
69
96
82
69
49
40
70
8
6
62
40
70
73
9
18
51
42
20
2
35
84
14
36
35
59
94
87
28
56
81
21
30
31
88
35
19
70
57
44
10
91
56
89
27
92
99
60
59
9
10
75
4
49
78
76
84
51
51
40
1
83
46
17
81
14
16
13
32
70
69
8
73
46
93
35
85
94
77
62
73
20
2
47
32
41
88
57
99
28
91
13
53
92
87
51
24
95
64
87
39
11
71
56
75
4
54
5
47
85
3
84
2
11
17
45
45
97
32
57
46
67
66
42
18
33
65
1
30
16
9
96
12
86
83
44
66
99
5
36
5
46
9
96
76
53
98
53
16
39
77
95
6
34
67
54
32
52
32
8
75
63
40
74
46
94
51
5
31
32
94
85
91
67
82
74
9
95
12
58
20
76
99
97
89
25
93
18
54
32
7
49
77
14
37
46
97
69
2
92
47
6
30
99
36
46
24
57
71
75
55
19
74
30
8
82
36
71
32
84
37
69
3
71
1
33
80
86
51
45
79
29
72
94
40
99
83
27
49
51
61
3
82
65
87
78
27
40
6
48
90
70
42
93
34
44
26
24
75
7
29
8
58
1
50
42
71
44
97
58
20
81
66
41
25
4
96
63
18
39
26
5
4
79
74
16
60
45
98
82
31
44
71
8
98
41
25
22
57
48
56
7
48
68
22
47
1
56
59
30
63
2
31
91
90
91
21
23
6
24
12
19
69
60
16
81
80
34
95
54
68
31
71
25
22
82
44
55
4
98
70
14
15
73
74
96
20
28
60
71
67
92
74
32
59
99
2
24
72
27
1
54
77
80
92
33
37
72
42
79
70
14
4
75
6
93
55
63
45
15
33
84
41
38
69
4
30
63
4
71
87
29
10
46
82
61
63
60
96
80
62
82
62
28
83
16
38
38
12
26
9
51
42
98
87
94
58
14
9
81
72
13
45
47
56
82
34
45
71
48
22
31
13
12
1
25
9
89
46
40
48
60
28
18
50
58
2
51
25
12
24
56
73
88
56
64
14
12
92
60
37
65
19
25
71
47
72
78
53
51
8
33
56
96
30
18
54
89
43
88
94
63
18
63
41
79
91
1
84
62
43
65
89
40
52
33
36
67
95
26
61
16
93
83
13
9
92
4
87
58
93
5
85
65
71
81
63
61
56
37
29
69
75
92
9
69
53
44
2
22
62
15
60
58
64
55
86
5
70
10
50
97
44
67
28
70
48
96
69
8
1
99
23
5
46
21
75
69
81
13
31
61
12
8
43
69
88
12
4
72
46
30
70
24
25
31
60
86
54
1
57
13
14
32
46
41
42
85
70
58
26
2
4
49
98
61
27
9
38
6
24
45
12
77
48
93
79
53
80
82
43
83
48
35
11
56
11
70
17
29
68
73
51
51
41
61
37
69
72
56
93
95
13
40
38
92
89
74
99
96
98
55
9
98
91
68
46
79
99
34
17
63
2
88
74
58
65
63
67
13
58
65
24
21
34
99
73
35
33
66
71
86
8
50
15
65
46
44
36
58
41
35
46
66
47
55
74
97
85
96
72
47
52
65
44
35
33
31
27
48
19
91
1
68
82
33
99
2
81
59
34
38
84
98
73
57
27
22
63
66
32
34
29
54
72
57
7
32
49
8
33
87
76
53
3
41
53
96
18
74
43
92
9
79
15
79
95
54
64
52
78
93
29
44
7
74
1
5
5
69
98
61
5
44
11
96
56
9
44
64
76
19
7
11
57
83
99
9
22
3
76
96
16
45
13
80
99
53
95
16
96
53
46
70
15
89
83
61
5
42
81
75
57
44
71
70
71
88
87
60
79
69
79
1
97
